$ANSIBLE_VAULT;1.1;AES256
31313631356561373838353363616237336361326533636261613531633637363161633136356364
3864323735363466396462386136396436376464366563660a386238343032326432633261623732
38653233323438643635656466363261613061653362306333626335623964363936393138376664
6636393730366361370a393065623838343466346666666531393934663336636534386138666334
32333737633764663836616434643239306461633036303638373965363637343965303265653535
33386566613164336164633836653231613631656264633764323339303065386232336132343432
38656538356461313135393466336337306464336164373363373939373538363039326265316162
33383535626461366632313365663363343637643630626362373130623834616137333266366634
30313935353133616230396439376236303732646664656365666636383739613432326435303134
61666338363137303332613365623634643662333334393666303532653533333039383933333239
62396539353336643934643462303334663137656562313731313733313965303237643031353165
33653935626364646163623361633638616264316665336232373936633430633861666565343537
30353931613962353136363137616463383537306436303165653163643935663331653735653866
62303737333637333435306637336336613165646631616638333362633463313766633237303565
64326335326239366661613363643863386533383436366261643839353765373161346131646330
36353436323463623234663637623038373963383563396133643237633930356332303566656430
36323237396333633635366232383734323366316431396562373134323238346439313038336530
35373033313636353864313239316439326231666238343932306536383763383634633964666164
64616430326664626662623266666337333366616434343736313437343461613363346265356565
34333539343031353530633034663833653661373633666161626436653761373435303033666433
38646137353765316363303066383036633031313136333235613235636337643564303963663262
30363533333966666435376335383363613434316539663163333432653330663334323763323565
35376337343062636264373761303863646266616635613434336662666264636362616163323931
33316534386533373530323166333066623837616664336330666537386339386637363131383836
66363364666661613030316466653636393435653435313032666238373135313737366461393164
61396230373866653134393065373262373138623031383762373939306365316630356339383739
31663030336538306230633166323565303434313064333162303537316361643037363639383233
62373135346564306461336664383362363565343566623966376133383833623862383332396238
61393736643939303662363537346262613937306663316430333162653438353231646165333632
64653337616633396366616232663666316337336466303139663731366166366664666335643232
39636333623737323662386234633466363530653337623038653434373264313038323535323332
63653066633462363264303637616338363062343338313535356535626534313162346561383235
39303538616234613833363861316537333430373265316438636465326164306137343664653463
65346261646632393930323034633366643762366237386234306137346362323433623034303363
66356431363039393262616230613766633338326466653830346230613433383338326431613836
33303635646333663031383933336432633232343862323538333734316633663333613838366137
62663934333362633265613364623735316335366236373733663538333638656432663537313461
39666366336233633337386330323764383964653561613234356363376438343934643339643763
30373763323366366338623166316539643833653832626666613263306434656661663063383238
32636639346262373664343935306462353566653932376364633762333136626665396139383331
61303161336162306266336637613536653962336332393134376231373735366639636134343166
32306132653234346366326337653337373562313563616563613638653961313466643165383532
35663230313631663635623931663537633330633966646261366339643037313830353931346535
37313261663430653038336330316238646631393936366361303830316631323031316665316331
38643763393038336238396437373963626364643132336430383163396366633663376464616135
6135353937316464343164336163386636326531313133336533
